Genesis
33

42 1
821 1

Leviticae

2129 1

ΙΙ. 6061270366 ΟΙΤΑΤΙ.

11. INDEX SCRIPTORUM.

: 303‚26*)

726
6236

6626 ’

Deuteronoruiunr

1620 1
3220 1

1 Regum
2,1
26

123 1

IV Regum
626 1

'lobias

221 1

Psalmi
·2‚4

43 1
720 1
2423 1
1 11633

303

313 1
33221
362 1
383 1
453 1
43261

18:
533 1
54241
72271
75,6 1

121
862

Proverbia
26

5124
3073

1 10834
1 3028

5526
4924

1131

1 30122

6211
5224
29622

728
63281 7138
727
7211
5626
5137
5126
7222
4, 21
62, 22
(a) 6
7213

:ursan
, 1083 1
1453 1

4935
728

1 31127
1621 1
1425 1
1532 1
163 1
2023 1
2131 1
26,4 1

54,4
6026
54,4
522
1215
5627
56, 20

rma-araia
272 1 238,1
7 1 21627

Ecclesiastes

32 1 lara 32218
(10.1 130622)

Sapientia
25 1 542

Ecclesiasticus
112 1 5132
15271 7224

isaias
12 1 4233
2121 5120
33 1 5128

12124726

141 5127
53 1 5522
7231 526
8221 5210
102 1 5223

3 1 626

151 5326
14,4 1 5322

161 5426
17241 5636
182 1 5637
5 1 5427
19241 5322
212 1 5324
262 1 6421
30221 5822
141 5428
313 1 5426
37291 552
41211 553
49251 5824
50,4 1 41,6
512 1 5625
573 1 5826
583 13623
Hieremias

¹ 92 1 2621
21130221

Matthaeus
5211123329

Ι 7,6 1 2863

1, Loci scripturae sacrae quos commemoravit Ennodius:

1 Matthaeus

l

10291 7128
241 5628
11221 15212363
16281 622
18291 153
25341 7138

Lucas
4231 522
10261 4634
12521 6427
21 683
16201 17126

lohannes
3120 5020

2144 543
1226171311

ad Romanos
1,129-31 65381.
2,.112 6525
34: 6536
726 7133
241 ·,301 26
828 32328
3316535
9241 7130
12191 6240
14,4 1 6226
221 6526

ad Corinthios

l 2241 603
7231 728
1126132218
22124723
1121113232
15201 7225

1112101 3251311025
111 5632

ad Galatas
6241 5822

ad Ephesiae
527 132322
63 1 552

ud Philippenses
1211 10631
213 1 30230

*) Arabicis numeris paginae huius editionis significantur, opera llanadi numeris Ilaraanis.

42*

 

